time	V(va)
0.000000000000000e+000	4.799687e-006
1.010231299736921e-008	4.801716e-006
2.020462599473841e-008	4.846663e-006
3.030693899210762e-008	4.934529e-006
4.040925198947683e-008	5.065313e-006
5.051156498684604e-008	5.239017e-006
6.061387798421525e-008	5.455639e-006
7.071619098158443e-008	5.715180e-006
9.270057114466649e-008	6.523214e-006
1.171173471696648e-007	7.760870e-006
1.392215892430252e-007	9.209873e-006
1.711592475934120e-007	1.182045e-005
2.072091787951954e-007	1.543049e-005
2.575570374615654e-007	2.154965e-005
3.181073971048140e-007	3.037326e-005
4.015183743175125e-007	4.477229e-005
5.078692710310152e-007	6.617791e-005
6.567654660314960e-007	1.005090e-004
8.600684243378686e-007	1.530058e-004
1.162365980192099e-006	2.381310e-004
1.597899019656470e-006	3.678795e-004
2.220407616664008e-006	5.589269e-004
3.201846211588034e-006	8.635005e-004
4.655145371697006e-006	1.315603e-003
6.059201579569605e-006	1.752476e-003
7.885741533852463e-006	2.320798e-003
9.900217088624102e-006	2.947596e-003
1.260906293872256e-005	3.790444e-003
1.587196943050760e-005	4.805683e-003
2.029972610428034e-005	6.183355e-003
2.597957105754116e-005	7.950595e-003
3.395337984743597e-005	1.043155e-002
4.524138150517177e-005	1.394360e-002
5.971365443495977e-005	1.844619e-002
7.781845772414722e-005	2.407854e-002
1.014398626703625e-004	3.142619e-002
1.361832829812696e-004	4.223132e-002
1.718567856384062e-004	5.332248e-002
2.087185794796798e-004	6.477845e-002
2.490172687600018e-004	7.729579e-002
2.962553254755291e-004	9.195661e-002
3.685957884731927e-004	1.143821e-001
4.418379759731927e-004	1.370511e-001
5.150801634731927e-004	1.596738e-001
5.883223509731926e-004	1.822424e-001
6.615645384731926e-004	2.047492e-001
7.348067259731925e-004	2.271867e-001
8.812911009731925e-004	2.718230e-001
1.080091324187478e-003	3.321590e-001
1.278891547401764e-003	3.913056e-001
1.477691770616050e-003	4.492630e-001
1.676491993830336e-003	5.060311e-001
1.875292217044621e-003	5.616098e-001
2.074092440258907e-003	6.159993e-001
2.272892663473193e-003	6.691995e-001
2.597250922401765e-003	7.529199e-001
2.921609181330337e-003	8.304730e-001
3.245967440258909e-003	9.018588e-001
3.570325699187481e-003	9.670773e-001
3.894683958116054e-003	1.026128e+000
4.219042217044626e-003	1.079012e+000
4.543400475973198e-003	1.125729e+000
4.742200699187484e-003	1.150148e+000
4.941000922401771e-003	1.171584e+000
5.139801145616057e-003	1.190038e+000
5.338601368830343e-003	1.205510e+000
5.537401592044629e-003	1.217999e+000
5.736201815258916e-003	1.227507e+000
5.935002038473201e-003	1.234031e+000
5.987317886687487e-003	1.235214e+000
6.039633734901773e-003	1.236183e+000
6.091949583116059e-003	1.236938e+000
6.144265431330344e-003	1.237479e+000
6.196581279544630e-003	1.237806e+000
6.248897127758916e-003	1.237919e+000
6.301212975973202e-003	1.237819e+000
6.405844672401774e-003	1.236970e+000
6.510476368830346e-003	1.235271e+000
6.615108065258917e-003	1.232721e+000
6.719739761687489e-003	1.229321e+000
6.824371458116061e-003	1.225070e+000
6.929003154544632e-003	1.219968e+000
7.033634850973204e-003	1.214015e+000
7.284750922401774e-003	1.196035e+000
7.535866993830345e-003	1.173568e+000
7.786983065258915e-003	1.146616e+000
8.038099136687486e-003	1.115178e+000
8.289215208116055e-003	1.079253e+000
8.540331279544625e-003	1.038843e+000
8.791447350973196e-003	9.939471e-001
9.105342440258908e-003	9.315376e-001
9.419237529544619e-003	8.644625e-001
9.733132618830329e-003	7.927218e-001
1.004702770811604e-002	7.163154e-001
1.036092279740175e-002	6.352434e-001
1.067481788668746e-002	5.495059e-001
1.098871297597318e-002	4.591026e-001
1.116658685990174e-002	4.069992e-001
1.134446074383031e-002	3.543488e-001
1.152233462775889e-002	3.011514e-001
1.170020851168746e-002	2.474069e-001
1.187808239561602e-002	1.931155e-001
1.205595627954459e-002	1.382771e-001
1.223383016347316e-002	8.289164e-002
1.231753552061602e-002	5.686229e-002
1.240124087775888e-002	3.083656e-002
1.248494623490173e-002	4.814463e-003
1.256865159204459e-002	-2.120401e-002
1.265235694918745e-002	-4.721886e-002
1.273606230633030e-002	-7.323007e-002
1.281976766347316e-002	-9.923767e-002
1.300810471704459e-002	-1.578313e-001
1.319644177061601e-002	-2.157514e-001
1.338477882418744e-002	-2.729980e-001
1.357311587775887e-002	-3.295712e-001
1.376145293133029e-002	-3.854709e-001
1.394978998490172e-002	-4.406971e-001
1.413812703847315e-002	-4.952498e-001
1.446248529740171e-002	-5.873067e-001
1.478684355633028e-002	-6.741241e-001
1.511120181525885e-002	-7.557021e-001
1.543556007418742e-002	-8.320406e-001
1.575991833311599e-002	-9.031396e-001
1.608427659204456e-002	-9.689991e-001
1.640863485097312e-002	-1.029619e+000
1.664928775275884e-002	-1.069546e+000
1.688994065454455e-002	-1.105280e+000
1.713059355633026e-002	-1.136822e+000
1.737124645811597e-002	-1.164170e+000
1.761189935990169e-002	-1.187326e+000
1.785255226168740e-002	-1.206290e+000
1.809320516347311e-002	-1.221060e+000
1.818737369025882e-002	-1.225539e+000
1.828154221704453e-002	-1.229327e+000
1.837571074383025e-002	-1.232425e+000
1.846987927061596e-002	-1.234832e+000
1.856404779740168e-002	-1.236549e+000
1.865821632418739e-002	-1.237574e+000
1.875238485097310e-002	-1.237910e+000
1.881516386883024e-002	-1.237746e+000
1.887794288668739e-002	-1.237274e+000
1.894072190454453e-002	-1.236494e+000
1.900350092240167e-002	-1.235407e+000
1.906627994025881e-002	-1.234013e+000
1.912905895811596e-002	-1.232310e+000
1.919183797597310e-002	-1.230300e+000
1.940110136883024e-002	-1.221274e+000
1.961036476168738e-002	-1.208983e+000
1.981962815454452e-002	-1.193425e+000
2.002889154740166e-002	-1.174602e+000
2.023815494025880e-002	-1.152513e+000
2.044741833311594e-002	-1.127159e+000
2.065668172597308e-002	-1.098539e+000
2.100196632418737e-002	-1.043586e+000
2.134725092240165e-002	-9.820826e-001
2.169253552061593e-002	-9.140280e-001
2.203782011883021e-002	-8.394224e-001
2.238310471704450e-002	-7.582658e-001
2.272838931525878e-002	-6.705581e-001
2.307367391347306e-002	-5.762995e-001
2.328293730633020e-002	-5.174826e-001
2.349220069918734e-002	-4.576565e-001
2.370146409204448e-002	-3.968211e-001
2.391072748490163e-002	-3.349765e-001
2.411999087775877e-002	-2.721227e-001
2.432925427061591e-002	-2.082597e-001
2.453851766347305e-002	-1.433875e-001
2.497797078847304e-002	-6.986573e-003
2.504074980633018e-002	1.255724e-002
2.510352882418733e-002	3.208580e-002
2.516630784204447e-002	5.159908e-002
2.522908685990161e-002	7.109710e-002
2.529186587775876e-002	9.057984e-002
2.535464489561590e-002	1.100473e-001
2.541742391347304e-002	1.294995e-001
2.562668730633018e-002	1.944734e-001
2.583595069918732e-002	2.584749e-001
2.604521409204446e-002	3.215040e-001
2.625447748490160e-002	3.835609e-001
2.646374087775874e-002	4.446454e-001
2.667300427061588e-002	5.047576e-001
2.688226766347302e-002	5.638975e-001
2.722755226168731e-002	6.587763e-001
2.757283685990159e-002	7.471781e-001
2.791812145811587e-002	8.291030e-001
2.826340605633015e-002	9.045509e-001
2.860869065454444e-002	9.735219e-001
2.895397525275872e-002	1.036016e+000
2.929925985097300e-002	1.092033e+000
2.950852324383014e-002	1.121317e+000
2.971778663668728e-002	1.147347e+000
2.992705002954443e-002	1.170123e+000
3.013631342240157e-002	1.189645e+000
3.034557681525871e-002	1.205912e+000
3.055484020811585e-002	1.218925e+000
3.076410360097299e-002	1.228684e+000
3.083734578847299e-002	1.231255e+000
3.091058797597299e-002	1.233408e+000
3.098383016347299e-002	1.235142e+000
3.105707235097299e-002	1.236457e+000
3.113031453847299e-002	1.237354e+000
3.120355672597299e-002	1.237833e+000
3.127679891347299e-002	1.237892e+000
3.136050427061585e-002	1.237444e+000
3.144420962775871e-002	1.236450e+000
3.152791498490157e-002	1.234909e+000
3.161162034204443e-002	1.232824e+000
3.169532569918729e-002	1.230192e+000
3.177903105633015e-002	1.227014e+000
3.186273641347301e-002	1.223291e+000
3.209292614561587e-002	1.210079e+000
3.232311587775874e-002	1.193000e+000
3.255330560990161e-002	1.172052e+000
3.278349534204447e-002	1.147237e+000
3.301368507418734e-002	1.118554e+000
3.324387480633020e-002	1.086004e+000
3.347406453847307e-002	1.049585e+000
3.380888596704451e-002	9.893686e-001
3.414370739561595e-002	9.234366e-001
3.447852882418739e-002	8.517890e-001
3.481335025275884e-002	7.744257e-001
3.514817168133028e-002	6.913469e-001
3.548299310990172e-002	6.025525e-001
3.581781453847316e-002	5.080426e-001
3.601661476168745e-002	4.506584e-001
3.621541498490175e-002	3.925178e-001
3.641421520811604e-002	3.336208e-001
3.661301543133033e-002	2.739674e-001
3.681181565454463e-002	2.135576e-001
3.701061587775892e-002	1.523914e-001
3.720941610097321e-002	9.046874e-002
3.750238485097322e-002	-5.995389e-004
3.757562703847323e-002	-2.340466e-002
3.764886922597323e-002	-4.618259e-002
3.772211141347323e-002	-6.893331e-002
3.779535360097323e-002	-9.165684e-002
3.786859578847324e-002	-1.143532e-001
3.794183797597324e-002	-1.370223e-001
3.801508016347324e-002	-1.596642e-001
3.823480672597325e-002	-2.276741e-001
3.845453328847326e-002	-2.944912e-001
3.867425985097327e-002	-3.601157e-001
3.889398641347328e-002	-4.245476e-001
3.911371297597328e-002	-4.877867e-001
3.933343953847329e-002	-5.498331e-001
3.955316610097330e-002	-6.106869e-001
3.989845069918760e-002	-7.031436e-001
4.024373529740190e-002	-7.888462e-001
4.058901989561620e-002	-8.677949e-001
4.093430449383050e-002	-9.399896e-001
4.127958909204479e-002	-1.005430e+000
4.162487369025909e-002	-1.064117e+000
4.197015828847339e-002	-1.116050e+000
4.216895851168769e-002	-1.141518e+000
4.236775873490198e-002	-1.164019e+000
4.256655895811627e-002	-1.183552e+000
4.276535918133056e-002	-1.200117e+000
4.296415940454486e-002	-1.213715e+000
4.316295962775915e-002	-1.224345e+000
4.336175985097344e-002	-1.232008e+000
4.342453886883059e-002	-1.233760e+000
4.348731788668774e-002	-1.235204e+000
4.355009690454488e-002	-1.236341e+000
4.361287592240203e-002	-1.237170e+000
4.367565494025917e-002	-1.237691e+000
4.373843395811632e-002	-1.237904e+000
4.380121297597346e-002	-1.237809e+000
4.390584467240204e-002	-1.236961e+000
4.401047636883061e-002	-1.235261e+000
4.411510806525919e-002	-1.232712e+000
4.421973976168776e-002	-1.229311e+000
4.432437145811634e-002	-1.225060e+000
4.442900315454491e-002	-1.219958e+000
4.453363485097349e-002	-1.214006e+000
4.478475092240207e-002	-1.196025e+000
4.503586699383065e-002	-1.173559e+000
4.528698306525923e-002	-1.146606e+000
4.553809913668781e-002	-1.115168e+000
4.578921520811639e-002	-1.079244e+000
4.604033127954497e-002	-1.038834e+000
4.629144735097356e-002	-9.939375e-001
4.660534244025928e-002	-9.315280e-001
4.691923752954501e-002	-8.644529e-001
4.723313261883073e-002	-7.927122e-001
4.754702770811646e-002	-7.163058e-001
4.786092279740219e-002	-6.352339e-001
4.817481788668791e-002	-5.494963e-001
4.848871297597364e-002	-4.590930e-001
4.866658685990222e-002	-4.069896e-001
4.884446074383080e-002	-3.543392e-001
4.902233462775937e-002	-3.011418e-001
4.920020851168795e-002	-2.473973e-001
4.937808239561653e-002	-1.931059e-001
4.955595627954511e-002	-1.382675e-001
4.973383016347369e-002	-8.288205e-002
4.981753552061655e-002	-5.685269e-002
4.990124087775941e-002	-3.082696e-002
4.998494623490227e-002	-4.804864e-003
5.006865159204513e-002	2.121361e-002
5.015235694918799e-002	4.722846e-002
5.023606230633085e-002	7.323968e-002
5.031976766347371e-002	9.924727e-002
5.050810471704514e-002	1.578409e-001
5.069644177061658e-002	2.157610e-001
5.088477882418802e-002	2.730076e-001
5.107311587775945e-002	3.295808e-001
5.126145293133089e-002	3.854805e-001
5.144978998490232e-002	4.407067e-001
5.163812703847376e-002	4.952594e-001
5.196248529740234e-002	5.873163e-001
5.228684355633093e-002	6.741337e-001
5.261120181525951e-002	7.557117e-001
5.293556007418809e-002	8.320502e-001
5.325991833311668e-002	9.031492e-001
5.358427659204526e-002	9.690088e-001
5.390863485097384e-002	1.029629e+000
5.414928775275957e-002	1.069556e+000
5.438994065454529e-002	1.105290e+000
5.463059355633101e-002	1.136831e+000
5.487124645811674e-002	1.164180e+000
5.511189935990246e-002	1.187336e+000
5.535255226168818e-002	1.206299e+000
5.559320516347391e-002	1.221070e+000
5.568737369025963e-002	1.225548e+000
5.578154221704534e-002	1.229337e+000
5.587571074383106e-002	1.232434e+000
5.596987927061678e-002	1.234842e+000
5.606404779740250e-002	1.236558e+000
5.615821632418822e-002	1.237584e+000
5.625238485097393e-002	1.237919e+000
5.631516386883108e-002	1.237755e+000
5.637794288668822e-002	1.237283e+000
5.644072190454537e-002	1.236504e+000
5.650350092240251e-002	1.235417e+000
5.656627994025966e-002	1.234022e+000
5.662905895811680e-002	1.232320e+000
5.669183797597395e-002	1.230310e+000
5.690110136883110e-002	1.221284e+000
5.711036476168825e-002	1.208992e+000
5.731962815454540e-002	1.193435e+000
5.752889154740255e-002	1.174612e+000
5.773815494025970e-002	1.152523e+000
5.794741833311685e-002	1.127169e+000
5.815668172597401e-002	1.098548e+000
5.850196632418830e-002	1.043596e+000
5.884725092240260e-002	9.820922e-001
5.919253552061690e-002	9.140376e-001
5.953782011883120e-002	8.394320e-001
5.988310471704550e-002	7.582754e-001
6.022838931525980e-002	6.705677e-001
6.057367391347410e-002	5.763091e-001
6.078293730633125e-002	5.174922e-001
6.099220069918840e-002	4.576661e-001
6.120146409204555e-002	3.968307e-001
6.141072748490270e-002	3.349861e-001
6.161999087775985e-002	2.721323e-001
6.182925427061700e-002	2.082693e-001
6.203851766347415e-002	1.433971e-001
6.247797078847417e-002	6.996173e-003
6.254074980633131e-002	-1.254764e-002
6.260352882418846e-002	-3.207619e-002
6.266630784204560e-002	-5.158948e-002
6.272908685990275e-002	-7.108750e-002
6.279186587775990e-002	-9.057025e-002
6.285464489561704e-002	-1.100377e-001
6.291742391347419e-002	-1.294899e-001
6.312668730633134e-002	-1.944638e-001
6.333595069918849e-002	-2.584653e-001
6.354521409204564e-002	-3.214944e-001
6.375447748490279e-002	-3.835513e-001
6.396374087775994e-002	-4.446358e-001
6.417300427061709e-002	-5.047481e-001
6.438226766347424e-002	-5.638880e-001
6.472755226168854e-002	-6.587667e-001
6.507283685990284e-002	-7.471685e-001
6.541812145811714e-002	-8.290934e-001
6.576340605633144e-002	-9.045413e-001
6.610869065454574e-002	-9.735122e-001
6.645397525276003e-002	-1.036006e+000
6.679925985097433e-002	-1.092023e+000
6.700852324383148e-002	-1.121308e+000
6.721778663668863e-002	-1.147338e+000
6.742705002954579e-002	-1.170113e+000
6.763631342240294e-002	-1.189635e+000
6.784557681526009e-002	-1.205902e+000
6.805484020811724e-002	-1.218915e+000
6.826410360097439e-002	-1.228674e+000
6.833734578847439e-002	-1.231245e+000
6.841058797597439e-002	-1.233398e+000
6.848383016347440e-002	-1.235132e+000
6.855707235097440e-002	-1.236448e+000
6.863031453847440e-002	-1.237345e+000
6.870355672597441e-002	-1.237823e+000
6.877679891347441e-002	-1.237883e+000
6.886050427061727e-002	-1.237434e+000
6.894420962776013e-002	-1.236440e+000
6.902791498490299e-002	-1.234900e+000
6.911162034204585e-002	-1.232814e+000
6.919532569918871e-002	-1.230182e+000
6.927903105633157e-002	-1.227005e+000
6.936273641347443e-002	-1.223281e+000
6.959292614561730e-002	-1.210070e+000
6.982311587776016e-002	-1.192990e+000
7.005330560990303e-002	-1.172043e+000
7.028349534204589e-002	-1.147228e+000
7.051368507418876e-002	-1.118545e+000
7.074387480633163e-002	-1.085994e+000
7.097406453847449e-002	-1.049576e+000
7.114147525276021e-002	-1.020892e+000
7.130888596704593e-002	-9.905451e-001
7.147629668133165e-002	-9.585338e-001
7.164370739561737e-002	-9.248585e-001
7.181111810990309e-002	-8.895192e-001
7.197852882418881e-002	-8.525158e-001
7.214593953847454e-002	-8.138485e-001
7.221918172597454e-002	-7.965412e-001
7.248076096704598e-002	-7.317986e-001
7.274234020811742e-002	-6.646503e-001
7.300391944918885e-002	-5.950962e-001
7.326549869026029e-002	-5.231365e-001
7.352707793133173e-002	-4.487711e-001
7.378865717240317e-002	-3.719999e-001
7.405023641347461e-002	-2.928231e-001
7.416533127954604e-002	-2.578391e-001
7.428042614561747e-002	-2.227133e-001
7.439552101168891e-002	-1.874455e-001
7.451061587776034e-002	-1.520359e-001
7.462571074383177e-002	-1.164843e-001
7.474080560990321e-002	-8.079085e-002
7.485590047597464e-002	-4.495547e-002
7.492914266347464e-002	-2.217696e-002
7.500000000000000e-002	-1.328520e-004
